{
  "DynamicFriction": 0.8600000143051147,
  "Restitution": 0.3199999928474426,
  "StaticFriction": 0.4000000059604645
}